0.799520
0.552404
0.305777
0.995452
0.106921
0.566163
0.884471
0.498239
0.430671
0.862064
0.634575
0.418660
0.502518
0.999768
0.025720
0.792124
0.126313
0.334315
0.230620
0.559015
0.335415
0.392178
0.335253
0.549201
0.277840
0.449316
0.628700
0.651718
0.349919
0.740234
0.296491
0.964281
0.901481
0.190106
0.151244
0.497527
0.855906
0.254820
0.313817
0.569685
0.917466
0.602152
0.948288
0.926237
0.978537
0.586834
0.577626
0.859851
0.732828
0.390105
0.949747
0.414264
0.327871
0.863015
0.076176
0.973257
0.078603
0.449376
0.937186
0.774723
0.256565
0.509135
0.323052
0.915638
0.135671
0.277968
0.839868
0.119946
0.910826
0.569440
0.091483
0.618751
0.452438
0.293918
0.983326
0.405099
0.711855
0.267816
0.006673
0.360450
0.747969
0.871973
0.695220
0.653405
0.899859
0.740088
0.049167
0.834397
0.560909
0.787049
0.152577
0.609979
0.678585
0.170744
0.946849
0.954454
0.225873
0.305896
0.691386
0.061790
0.336129
0.480359
0.836112
0.409600
0.075000
0.606405
0.595723
0.506183
0.971003
0.143882
0.622757
0.305803
0.500991
0.701469
0.512816
0.676236
0.581135
0.640087
0.320544
0.357227
0.050157
0.671224
0.468212
0.170872
0.787041
0.460800
0.792737
0.471989
0.611959
0.283860
0.712018
0.925126
0.929931
0.950490
0.870946
0.390867
0.429357
0.328139
0.861577
0.440920
0.341500
0.194119
0.713894
0.706053
0.794560
0.416299
0.235280
0.408355
0.394235
0.175961
0.847125
0.195415
0.652546
0.875638
0.421486
0.760572
0.507039
0.290549
0.830251
0.125715
0.552150
0.005788
0.633874
0.974894
0.541561
0.604722
0.783171
0.198624
0.878627
0.718868
0.161177
0.198585
0.376718
0.105979
0.724255
0.143942
0.495609
0.643005
0.427542
0.245534
0.911309
0.461916
0.754032
0.527173
0.811293
0.219331
0.772628
0.571709
0.577405
0.963909
0.377771
0.568810
0.912902
0.095343
0.533616
0.118971
0.713930
0.468775
0.710480
0.039780
0.759742
0.522572
0.703159
0.622789
0.306606
0.086648
0.623611
0.484170
0.909144
0.330659
0.026304
0.102661
0.133368
0.075582
0.961742
0.480480
0.132753
0.388348
0.519687
0.436127
0.454355
0.611393
0.809509
0.714486
0.315262
0.381024
0.592709
0.423109
0.098202
0.433168
0.286458
0.990736
0.664260
0.808190
0.616435
0.381956
0.457715
0.396590
0.785188
0.375502
0.645697
0.333124
0.487877
0.449634
0.698649
0.509316
0.056206
0.789618
0.953858
0.780238
0.961013
0.516702
0.802974
0.075263
0.002174
0.196284
0.950835
0.421775
0.899747
0.646949
0.095508
0.695774
0.907471
0.744004
0.014741
0.479057
0.246532
0.196973
0.942882
0.793038
0.608664
0.425522
0.870285
0.612605
0.086862
0.260831
0.762628
0.249506
0.814354
0.294857
0.617480
0.152108
0.444602
0.617722
0.401218
0.067053
0.678991
0.083435
0.100179
0.716280
0.386750
0.992930
0.411584
0.844878
0.203666
0.860101
0.152986
0.701769
0.970255
0.140495
